c DIMACS file generated by MazeGenerator
n 26 -3
n 122 1
n 85 1
n 293 1
a 26 27 1 1
a 27 26 1 1
a 26 51 1 1
a 51 26 1 1
a 51 52 1 1
a 52 51 1 1
a 51 26 1 1
a 26 51 1 1
a 126 127 1 1
a 127 126 1 1
a 126 151 1 1
a 151 126 1 1
a 151 152 1 1
a 152 151 1 1
a 151 126 1 1
a 126 151 1 1
a 201 202 1 1
a 202 201 1 1
a 251 252 1 1
a 252 251 1 1
a 251 276 1 1
a 276 251 1 1
a 276 277 1 1
a 277 276 1 1
a 276 301 1 1
a 301 276 1 1
a 276 251 1 1
a 251 276 1 1
a 301 302 1 1
a 302 301 1 1
a 301 276 1 1
a 276 301 1 1
a 27 28 1 1
a 28 27 1 1
a 27 26 1 1
a 26 27 1 1
a 27 52 1 1
a 52 27 1 1
a 52 53 1 1
a 53 52 1 1
a 52 51 1 1
a 51 52 1 1
a 52 27 1 1
a 27 52 1 1
a 127 128 1 1
a 128 127 1 1
a 127 126 1 1
a 126 127 1 1
a 127 152 1 1
a 152 127 1 1
a 152 153 1 1
a 153 152 1 1
a 152 151 1 1
a 151 152 1 1
a 152 127 1 1
a 127 152 1 1
a 202 203 1 1
a 203 202 1 1
a 202 201 1 1
a 201 202 1 1
a 252 253 1 1
a 253 252 1 1
a 252 251 1 1
a 251 252 1 1
a 252 277 1 1
a 277 252 1 1
a 277 278 1 1
a 278 277 1 1
a 277 276 1 1
a 276 277 1 1
a 277 302 1 1
a 302 277 1 1
a 277 252 1 1
a 252 277 1 1
a 302 303 1 1
a 303 302 1 1
a 302 301 1 1
a 301 302 1 1
a 302 277 1 1
a 277 302 1 1
a 28 29 1 1
a 29 28 1 1
a 28 27 1 1
a 27 28 1 1
a 28 53 1 1
a 53 28 1 1
a 53 54 1 1
a 54 53 1 1
a 53 52 1 1
a 52 53 1 1
a 53 28 1 1
a 28 53 1 1
a 128 129 1 1
a 129 128 1 1
a 128 127 1 1
a 127 128 1 1
a 128 153 1 1
a 153 128 1 1
a 153 154 1 1
a 154 153 1 1
a 153 152 1 1
a 152 153 1 1
a 153 128 1 1
a 128 153 1 1
a 203 204 1 1
a 204 203 1 1
a 203 202 1 1
a 202 203 1 1
a 253 254 1 1
a 254 253 1 1
a 253 252 1 1
a 252 253 1 1
a 253 278 1 1
a 278 253 1 1
a 278 279 1 1
a 279 278 1 1
a 278 277 1 1
a 277 278 1 1
a 278 303 1 1
a 303 278 1 1
a 278 253 1 1
a 253 278 1 1
a 303 304 1 1
a 304 303 1 1
a 303 302 1 1
a 302 303 1 1
a 303 278 1 1
a 278 303 1 1
a 29 30 1 1
a 30 29 1 1
a 29 28 1 1
a 28 29 1 1
a 29 54 1 1
a 54 29 1 1
a 54 55 1 1
a 55 54 1 1
a 54 53 1 1
a 53 54 1 1
a 54 29 1 1
a 29 54 1 1
a 129 130 1 1
a 130 129 1 1
a 129 128 1 1
a 128 129 1 1
a 129 154 1 1
a 154 129 1 1
a 154 155 1 1
a 155 154 1 1
a 154 153 1 1
a 153 154 1 1
a 154 179 1 1
a 179 154 1 1
a 154 129 1 1
a 129 154 1 1
a 179 180 1 1
a 180 179 1 1
a 179 204 1 1
a 204 179 1 1
a 179 154 1 1
a 154 179 1 1
a 204 205 1 1
a 205 204 1 1
a 204 203 1 1
a 203 204 1 1
a 204 179 1 1
a 179 204 1 1
a 254 255 1 1
a 255 254 1 1
a 254 253 1 1
a 253 254 1 1
a 254 279 1 1
a 279 254 1 1
a 279 280 1 1
a 280 279 1 1
a 279 278 1 1
a 278 279 1 1
a 279 304 1 1
a 304 279 1 1
a 279 254 1 1
a 254 279 1 1
a 304 305 1 1
a 305 304 1 1
a 304 303 1 1
a 303 304 1 1
a 304 279 1 1
a 279 304 1 1
a 30 31 1 1
a 31 30 1 1
a 30 29 1 1
a 29 30 1 1
a 30 55 1 1
a 55 30 1 1
a 55 56 1 1
a 56 55 1 1
a 55 54 1 1
a 54 55 1 1
a 55 30 1 1
a 30 55 1 1
a 130 131 1 1
a 131 130 1 1
a 130 129 1 1
a 129 130 1 1
a 130 155 1 1
a 155 130 1 1
a 155 156 1 1
a 156 155 1 1
a 155 154 1 1
a 154 155 1 1
a 155 180 1 1
a 180 155 1 1
a 155 130 1 1
a 130 155 1 1
a 180 181 1 1
a 181 180 1 1
a 180 179 1 1
a 179 180 1 1
a 180 205 1 1
a 205 180 1 1
a 180 155 1 1
a 155 180 1 1
a 205 206 1 1
a 206 205 1 1
a 205 204 1 1
a 204 205 1 1
a 205 180 1 1
a 180 205 1 1
a 255 256 1 1
a 256 255 1 1
a 255 254 1 1
a 254 255 1 1
a 255 280 1 1
a 280 255 1 1
a 280 281 1 1
a 281 280 1 1
a 280 279 1 1
a 279 280 1 1
a 280 305 1 1
a 305 280 1 1
a 280 255 1 1
a 255 280 1 1
a 305 306 1 1
a 306 305 1 1
a 305 304 1 1
a 304 305 1 1
a 305 280 1 1
a 280 305 1 1
a 31 32 1 1
a 32 31 1 1
a 31 30 1 1
a 30 31 1 1
a 31 56 1 1
a 56 31 1 1
a 56 57 1 1
a 57 56 1 1
a 56 55 1 1
a 55 56 1 1
a 56 31 1 1
a 31 56 1 1
a 131 130 1 1
a 130 131 1 1
a 131 156 1 1
a 156 131 1 1
a 156 155 1 1
a 155 156 1 1
a 156 181 1 1
a 181 156 1 1
a 156 131 1 1
a 131 156 1 1
a 181 182 1 1
a 182 181 1 1
a 181 180 1 1
a 180 181 1 1
a 181 206 1 1
a 206 181 1 1
a 181 156 1 1
a 156 181 1 1
a 206 207 1 1
a 207 206 1 1
a 206 205 1 1
a 205 206 1 1
a 206 181 1 1
a 181 206 1 1
a 256 257 1 1
a 257 256 1 1
a 256 255 1 1
a 255 256 1 1
a 256 281 1 1
a 281 256 1 1
a 281 282 1 1
a 282 281 1 1
a 281 280 1 1
a 280 281 1 1
a 281 306 1 1
a 306 281 1 1
a 281 256 1 1
a 256 281 1 1
a 306 307 1 1
a 307 306 1 1
a 306 305 1 1
a 305 306 1 1
a 306 281 1 1
a 281 306 1 1
a 32 33 1 1
a 33 32 1 1
a 32 31 1 1
a 31 32 1 1
a 32 57 1 1
a 57 32 1 1
a 57 58 1 1
a 58 57 1 1
a 57 56 1 1
a 56 57 1 1
a 57 32 1 1
a 32 57 1 1
a 182 183 1 1
a 183 182 1 1
a 182 181 1 1
a 181 182 1 1
a 182 207 1 1
a 207 182 1 1
a 207 208 1 1
a 208 207 1 1
a 207 206 1 1
a 206 207 1 1
a 207 232 1 1
a 232 207 1 1
a 207 182 1 1
a 182 207 1 1
a 232 233 1 1
a 233 232 1 1
a 232 257 1 1
a 257 232 1 1
a 232 207 1 1
a 207 232 1 1
a 257 258 1 1
a 258 257 1 1
a 257 256 1 1
a 256 257 1 1
a 257 282 1 1
a 282 257 1 1
a 257 232 1 1
a 232 257 1 1
a 282 283 1 1
a 283 282 1 1
a 282 281 1 1
a 281 282 1 1
a 282 307 1 1
a 307 282 1 1
a 282 257 1 1
a 257 282 1 1
a 307 308 1 1
a 308 307 1 1
a 307 306 1 1
a 306 307 1 1
a 307 282 1 1
a 282 307 1 1
a 33 34 1 1
a 34 33 1 1
a 33 32 1 1
a 32 33 1 1
a 33 58 1 1
a 58 33 1 1
a 58 59 1 1
a 59 58 1 1
a 58 57 1 1
a 57 58 1 1
a 58 83 1 1
a 83 58 1 1
a 58 33 1 1
a 33 58 1 1
a 83 84 1 1
a 84 83 1 1
a 83 108 1 1
a 108 83 1 1
a 83 58 1 1
a 58 83 1 1
a 108 109 1 1
a 109 108 1 1
a 108 83 1 1
a 83 108 1 1
a 183 184 1 1
a 184 183 1 1
a 183 182 1 1
a 182 183 1 1
a 183 208 1 1
a 208 183 1 1
a 208 209 1 1
a 209 208 1 1
a 208 207 1 1
a 207 208 1 1
a 208 233 1 1
a 233 208 1 1
a 208 183 1 1
a 183 208 1 1
a 233 234 1 1
a 234 233 1 1
a 233 232 1 1
a 232 233 1 1
a 233 258 1 1
a 258 233 1 1
a 233 208 1 1
a 208 233 1 1
a 258 259 1 1
a 259 258 1 1
a 258 257 1 1
a 257 258 1 1
a 258 283 1 1
a 283 258 1 1
a 258 233 1 1
a 233 258 1 1
a 283 284 1 1
a 284 283 1 1
a 283 282 1 1
a 282 283 1 1
a 283 308 1 1
a 308 283 1 1
a 283 258 1 1
a 258 283 1 1
a 308 309 1 1
a 309 308 1 1
a 308 307 1 1
a 307 308 1 1
a 308 283 1 1
a 283 308 1 1
a 34 35 1 1
a 35 34 1 1
a 34 33 1 1
a 33 34 1 1
a 34 59 1 1
a 59 34 1 1
a 59 60 1 1
a 60 59 1 1
a 59 58 1 1
a 58 59 1 1
a 59 84 1 1
a 84 59 1 1
a 59 34 1 1
a 34 59 1 1
a 84 85 1 1
a 85 84 1 1
a 84 83 1 1
a 83 84 1 1
a 84 109 1 1
a 109 84 1 1
a 84 59 1 1
a 59 84 1 1
a 109 110 1 1
a 110 109 1 1
a 109 108 1 1
a 108 109 1 1
a 109 84 1 1
a 84 109 1 1
a 184 185 1 1
a 185 184 1 1
a 184 183 1 1
a 183 184 1 1
a 184 209 1 1
a 209 184 1 1
a 209 210 1 1
a 210 209 1 1
a 209 208 1 1
a 208 209 1 1
a 209 234 1 1
a 234 209 1 1
a 209 184 1 1
a 184 209 1 1
a 234 235 1 1
a 235 234 1 1
a 234 233 1 1
a 233 234 1 1
a 234 259 1 1
a 259 234 1 1
a 234 209 1 1
a 209 234 1 1
a 259 260 1 1
a 260 259 1 1
a 259 258 1 1
a 258 259 1 1
a 259 284 1 1
a 284 259 1 1
a 259 234 1 1
a 234 259 1 1
a 284 285 1 1
a 285 284 1 1
a 284 283 1 1
a 283 284 1 1
a 284 309 1 1
a 309 284 1 1
a 284 259 1 1
a 259 284 1 1
a 309 310 1 1
a 310 309 1 1
a 309 308 1 1
a 308 309 1 1
a 309 284 1 1
a 284 309 1 1
a 35 36 1 1
a 36 35 1 1
a 35 34 1 1
a 34 35 1 1
a 35 60 1 1
a 60 35 1 1
a 60 61 1 1
a 61 60 1 1
a 60 59 1 1
a 59 60 1 1
a 60 85 1 1
a 85 60 1 1
a 60 35 1 1
a 35 60 1 1
a 85 86 1 1
a 86 85 1 1
a 85 84 1 1
a 84 85 1 1
a 85 110 1 1
a 110 85 1 1
a 85 60 1 1
a 60 85 1 1
a 110 111 1 1
a 111 110 1 1
a 110 109 1 1
a 109 110 1 1
a 110 85 1 1
a 85 110 1 1
a 185 184 1 1
a 184 185 1 1
a 185 210 1 1
a 210 185 1 1
a 210 209 1 1
a 209 210 1 1
a 210 235 1 1
a 235 210 1 1
a 210 185 1 1
a 185 210 1 1
a 235 236 1 1
a 236 235 1 1
a 235 234 1 1
a 234 235 1 1
a 235 260 1 1
a 260 235 1 1
a 235 210 1 1
a 210 235 1 1
a 260 261 1 1
a 261 260 1 1
a 260 259 1 1
a 259 260 1 1
a 260 285 1 1
a 285 260 1 1
a 260 235 1 1
a 235 260 1 1
a 285 286 1 1
a 286 285 1 1
a 285 284 1 1
a 284 285 1 1
a 285 310 1 1
a 310 285 1 1
a 285 260 1 1
a 260 285 1 1
a 310 311 1 1
a 311 310 1 1
a 310 309 1 1
a 309 310 1 1
a 310 285 1 1
a 285 310 1 1
a 36 37 1 1
a 37 36 1 1
a 36 35 1 1
a 35 36 1 1
a 36 61 1 1
a 61 36 1 1
a 61 62 1 1
a 62 61 1 1
a 61 60 1 1
a 60 61 1 1
a 61 86 1 1
a 86 61 1 1
a 61 36 1 1
a 36 61 1 1
a 86 87 1 1
a 87 86 1 1
a 86 85 1 1
a 85 86 1 1
a 86 111 1 1
a 111 86 1 1
a 86 61 1 1
a 61 86 1 1
a 111 112 1 1
a 112 111 1 1
a 111 110 1 1
a 110 111 1 1
a 111 86 1 1
a 86 111 1 1
a 236 237 1 1
a 237 236 1 1
a 236 235 1 1
a 235 236 1 1
a 236 261 1 1
a 261 236 1 1
a 261 262 1 1
a 262 261 1 1
a 261 260 1 1
a 260 261 1 1
a 261 286 1 1
a 286 261 1 1
a 261 236 1 1
a 236 261 1 1
a 286 287 1 1
a 287 286 1 1
a 286 285 1 1
a 285 286 1 1
a 286 311 1 1
a 311 286 1 1
a 286 261 1 1
a 261 286 1 1
a 311 312 1 1
a 312 311 1 1
a 311 310 1 1
a 310 311 1 1
a 311 286 1 1
a 286 311 1 1
a 37 38 1 1
a 38 37 1 1
a 37 36 1 1
a 36 37 1 1
a 37 62 1 1
a 62 37 1 1
a 62 63 1 1
a 63 62 1 1
a 62 61 1 1
a 61 62 1 1
a 62 87 1 1
a 87 62 1 1
a 62 37 1 1
a 37 62 1 1
a 87 88 1 1
a 88 87 1 1
a 87 86 1 1
a 86 87 1 1
a 87 112 1 1
a 112 87 1 1
a 87 62 1 1
a 62 87 1 1
a 112 113 1 1
a 113 112 1 1
a 112 111 1 1
a 111 112 1 1
a 112 87 1 1
a 87 112 1 1
a 237 236 1 1
a 236 237 1 1
a 237 262 1 1
a 262 237 1 1
a 262 261 1 1
a 261 262 1 1
a 262 287 1 1
a 287 262 1 1
a 262 237 1 1
a 237 262 1 1
a 287 288 1 1
a 288 287 1 1
a 287 286 1 1
a 286 287 1 1
a 287 312 1 1
a 312 287 1 1
a 287 262 1 1
a 262 287 1 1
a 312 313 1 1
a 313 312 1 1
a 312 311 1 1
a 311 312 1 1
a 312 287 1 1
a 287 312 1 1
a 38 39 1 1
a 39 38 1 1
a 38 37 1 1
a 37 38 1 1
a 38 63 1 1
a 63 38 1 1
a 63 64 1 1
a 64 63 1 1
a 63 62 1 1
a 62 63 1 1
a 63 88 1 1
a 88 63 1 1
a 63 38 1 1
a 38 63 1 1
a 88 89 1 1
a 89 88 1 1
a 88 87 1 1
a 87 88 1 1
a 88 113 1 1
a 113 88 1 1
a 88 63 1 1
a 63 88 1 1
a 113 114 1 1
a 114 113 1 1
a 113 112 1 1
a 112 113 1 1
a 113 88 1 1
a 88 113 1 1
a 288 289 1 1
a 289 288 1 1
a 288 287 1 1
a 287 288 1 1
a 288 313 1 1
a 313 288 1 1
a 313 314 1 1
a 314 313 1 1
a 313 312 1 1
a 312 313 1 1
a 313 288 1 1
a 288 313 1 1
a 39 38 1 1
a 38 39 1 1
a 39 64 1 1
a 64 39 1 1
a 64 63 1 1
a 63 64 1 1
a 64 89 1 1
a 89 64 1 1
a 64 39 1 1
a 39 64 1 1
a 89 88 1 1
a 88 89 1 1
a 89 114 1 1
a 114 89 1 1
a 89 64 1 1
a 64 89 1 1
a 114 113 1 1
a 113 114 1 1
a 114 139 1 1
a 139 114 1 1
a 114 89 1 1
a 89 114 1 1
a 139 140 1 1
a 140 139 1 1
a 139 164 1 1
a 164 139 1 1
a 139 114 1 1
a 114 139 1 1
a 164 165 1 1
a 165 164 1 1
a 164 139 1 1
a 139 164 1 1
a 289 290 1 1
a 290 289 1 1
a 289 288 1 1
a 288 289 1 1
a 289 314 1 1
a 314 289 1 1
a 314 315 1 1
a 315 314 1 1
a 314 313 1 1
a 313 314 1 1
a 314 289 1 1
a 289 314 1 1
a 140 141 1 1
a 141 140 1 1
a 140 139 1 1
a 139 140 1 1
a 140 165 1 1
a 165 140 1 1
a 165 166 1 1
a 166 165 1 1
a 165 164 1 1
a 164 165 1 1
a 165 190 1 1
a 190 165 1 1
a 165 140 1 1
a 140 165 1 1
a 190 191 1 1
a 191 190 1 1
a 190 215 1 1
a 215 190 1 1
a 190 165 1 1
a 165 190 1 1
a 215 216 1 1
a 216 215 1 1
a 215 190 1 1
a 190 215 1 1
a 290 291 1 1
a 291 290 1 1
a 290 289 1 1
a 289 290 1 1
a 290 315 1 1
a 315 290 1 1
a 315 316 1 1
a 316 315 1 1
a 315 314 1 1
a 314 315 1 1
a 315 290 1 1
a 290 315 1 1
a 141 142 1 1
a 142 141 1 1
a 141 140 1 1
a 140 141 1 1
a 141 166 1 1
a 166 141 1 1
a 166 167 1 1
a 167 166 1 1
a 166 165 1 1
a 165 166 1 1
a 166 191 1 1
a 191 166 1 1
a 166 141 1 1
a 141 166 1 1
a 191 192 1 1
a 192 191 1 1
a 191 190 1 1
a 190 191 1 1
a 191 216 1 1
a 216 191 1 1
a 191 166 1 1
a 166 191 1 1
a 216 217 1 1
a 217 216 1 1
a 216 215 1 1
a 215 216 1 1
a 216 241 1 1
a 241 216 1 1
a 216 191 1 1
a 191 216 1 1
a 241 242 1 1
a 242 241 1 1
a 241 266 1 1
a 266 241 1 1
a 241 216 1 1
a 216 241 1 1
a 266 267 1 1
a 267 266 1 1
a 266 291 1 1
a 291 266 1 1
a 266 241 1 1
a 241 266 1 1
a 291 292 1 1
a 292 291 1 1
a 291 290 1 1
a 290 291 1 1
a 291 316 1 1
a 316 291 1 1
a 291 266 1 1
a 266 291 1 1
a 316 317 1 1
a 317 316 1 1
a 316 315 1 1
a 315 316 1 1
a 316 291 1 1
a 291 316 1 1
a 142 143 1 1
a 143 142 1 1
a 142 141 1 1
a 141 142 1 1
a 142 167 1 1
a 167 142 1 1
a 167 168 1 1
a 168 167 1 1
a 167 166 1 1
a 166 167 1 1
a 167 192 1 1
a 192 167 1 1
a 167 142 1 1
a 142 167 1 1
a 192 193 1 1
a 193 192 1 1
a 192 191 1 1
a 191 192 1 1
a 192 217 1 1
a 217 192 1 1
a 192 167 1 1
a 167 192 1 1
a 217 218 1 1
a 218 217 1 1
a 217 216 1 1
a 216 217 1 1
a 217 242 1 1
a 242 217 1 1
a 217 192 1 1
a 192 217 1 1
a 242 243 1 1
a 243 242 1 1
a 242 241 1 1
a 241 242 1 1
a 242 267 1 1
a 267 242 1 1
a 242 217 1 1
a 217 242 1 1
a 267 268 1 1
a 268 267 1 1
a 267 266 1 1
a 266 267 1 1
a 267 292 1 1
a 292 267 1 1
a 267 242 1 1
a 242 267 1 1
a 292 293 1 1
a 293 292 1 1
a 292 291 1 1
a 291 292 1 1
a 292 317 1 1
a 317 292 1 1
a 292 267 1 1
a 267 292 1 1
a 317 318 1 1
a 318 317 1 1
a 317 316 1 1
a 316 317 1 1
a 317 292 1 1
a 292 317 1 1
a 143 144 1 1
a 144 143 1 1
a 143 142 1 1
a 142 143 1 1
a 143 168 1 1
a 168 143 1 1
a 168 169 1 1
a 169 168 1 1
a 168 167 1 1
a 167 168 1 1
a 168 193 1 1
a 193 168 1 1
a 168 143 1 1
a 143 168 1 1
a 193 194 1 1
a 194 193 1 1
a 193 192 1 1
a 192 193 1 1
a 193 218 1 1
a 218 193 1 1
a 193 168 1 1
a 168 193 1 1
a 218 219 1 1
a 219 218 1 1
a 218 217 1 1
a 217 218 1 1
a 218 243 1 1
a 243 218 1 1
a 218 193 1 1
a 193 218 1 1
a 243 244 1 1
a 244 243 1 1
a 243 242 1 1
a 242 243 1 1
a 243 268 1 1
a 268 243 1 1
a 243 218 1 1
a 218 243 1 1
a 268 269 1 1
a 269 268 1 1
a 268 267 1 1
a 267 268 1 1
a 268 293 1 1
a 293 268 1 1
a 268 243 1 1
a 243 268 1 1
a 293 294 1 1
a 294 293 1 1
a 293 292 1 1
a 292 293 1 1
a 293 318 1 1
a 318 293 1 1
a 293 268 1 1
a 268 293 1 1
a 318 319 1 1
a 319 318 1 1
a 318 317 1 1
a 317 318 1 1
a 318 293 1 1
a 293 318 1 1
a 44 45 1 1
a 45 44 1 1
a 44 69 1 1
a 69 44 1 1
a 69 70 1 1
a 70 69 1 1
a 69 94 1 1
a 94 69 1 1
a 69 44 1 1
a 44 69 1 1
a 94 95 1 1
a 95 94 1 1
a 94 119 1 1
a 119 94 1 1
a 94 69 1 1
a 69 94 1 1
a 119 120 1 1
a 120 119 1 1
a 119 144 1 1
a 144 119 1 1
a 119 94 1 1
a 94 119 1 1
a 144 145 1 1
a 145 144 1 1
a 144 143 1 1
a 143 144 1 1
a 144 169 1 1
a 169 144 1 1
a 144 119 1 1
a 119 144 1 1
a 169 170 1 1
a 170 169 1 1
a 169 168 1 1
a 168 169 1 1
a 169 194 1 1
a 194 169 1 1
a 169 144 1 1
a 144 169 1 1
a 194 195 1 1
a 195 194 1 1
a 194 193 1 1
a 193 194 1 1
a 194 219 1 1
a 219 194 1 1
a 194 169 1 1
a 169 194 1 1
a 219 220 1 1
a 220 219 1 1
a 219 218 1 1
a 218 219 1 1
a 219 244 1 1
a 244 219 1 1
a 219 194 1 1
a 194 219 1 1
a 244 245 1 1
a 245 244 1 1
a 244 243 1 1
a 243 244 1 1
a 244 269 1 1
a 269 244 1 1
a 244 219 1 1
a 219 244 1 1
a 269 270 1 1
a 270 269 1 1
a 269 268 1 1
a 268 269 1 1
a 269 294 1 1
a 294 269 1 1
a 269 244 1 1
a 244 269 1 1
a 294 295 1 1
a 295 294 1 1
a 294 293 1 1
a 293 294 1 1
a 294 319 1 1
a 319 294 1 1
a 294 269 1 1
a 269 294 1 1
a 319 320 1 1
a 320 319 1 1
a 319 318 1 1
a 318 319 1 1
a 319 294 1 1
a 294 319 1 1
a 45 44 1 1
a 44 45 1 1
a 45 70 1 1
a 70 45 1 1
a 70 69 1 1
a 69 70 1 1
a 70 95 1 1
a 95 70 1 1
a 70 45 1 1
a 45 70 1 1
a 95 94 1 1
a 94 95 1 1
a 95 120 1 1
a 120 95 1 1
a 95 70 1 1
a 70 95 1 1
a 120 121 1 1
a 121 120 1 1
a 120 119 1 1
a 119 120 1 1
a 120 145 1 1
a 145 120 1 1
a 120 95 1 1
a 95 120 1 1
a 145 146 1 1
a 146 145 1 1
a 145 144 1 1
a 144 145 1 1
a 145 170 1 1
a 170 145 1 1
a 145 120 1 1
a 120 145 1 1
a 170 171 1 1
a 171 170 1 1
a 170 169 1 1
a 169 170 1 1
a 170 195 1 1
a 195 170 1 1
a 170 145 1 1
a 145 170 1 1
a 195 196 1 1
a 196 195 1 1
a 195 194 1 1
a 194 195 1 1
a 195 220 1 1
a 220 195 1 1
a 195 170 1 1
a 170 195 1 1
a 220 221 1 1
a 221 220 1 1
a 220 219 1 1
a 219 220 1 1
a 220 245 1 1
a 245 220 1 1
a 220 195 1 1
a 195 220 1 1
a 245 246 1 1
a 246 245 1 1
a 245 244 1 1
a 244 245 1 1
a 245 270 1 1
a 270 245 1 1
a 245 220 1 1
a 220 245 1 1
a 270 271 1 1
a 271 270 1 1
a 270 269 1 1
a 269 270 1 1
a 270 295 1 1
a 295 270 1 1
a 270 245 1 1
a 245 270 1 1
a 295 296 1 1
a 296 295 1 1
a 295 294 1 1
a 294 295 1 1
a 295 320 1 1
a 320 295 1 1
a 295 270 1 1
a 270 295 1 1
a 320 321 1 1
a 321 320 1 1
a 320 319 1 1
a 319 320 1 1
a 320 295 1 1
a 295 320 1 1
a 121 122 1 1
a 122 121 1 1
a 121 120 1 1
a 120 121 1 1
a 121 146 1 1
a 146 121 1 1
a 146 147 1 1
a 147 146 1 1
a 146 145 1 1
a 145 146 1 1
a 146 171 1 1
a 171 146 1 1
a 146 121 1 1
a 121 146 1 1
a 171 172 1 1
a 172 171 1 1
a 171 170 1 1
a 170 171 1 1
a 171 196 1 1
a 196 171 1 1
a 171 146 1 1
a 146 171 1 1
a 196 197 1 1
a 197 196 1 1
a 196 195 1 1
a 195 196 1 1
a 196 221 1 1
a 221 196 1 1
a 196 171 1 1
a 171 196 1 1
a 221 222 1 1
a 222 221 1 1
a 221 220 1 1
a 220 221 1 1
a 221 246 1 1
a 246 221 1 1
a 221 196 1 1
a 196 221 1 1
a 246 247 1 1
a 247 246 1 1
a 246 245 1 1
a 245 246 1 1
a 246 271 1 1
a 271 246 1 1
a 246 221 1 1
a 221 246 1 1
a 271 272 1 1
a 272 271 1 1
a 271 270 1 1
a 270 271 1 1
a 271 296 1 1
a 296 271 1 1
a 271 246 1 1
a 246 271 1 1
a 296 297 1 1
a 297 296 1 1
a 296 295 1 1
a 295 296 1 1
a 296 321 1 1
a 321 296 1 1
a 296 271 1 1
a 271 296 1 1
a 321 322 1 1
a 322 321 1 1
a 321 320 1 1
a 320 321 1 1
a 321 296 1 1
a 296 321 1 1
a 122 123 1 1
a 123 122 1 1
a 122 121 1 1
a 121 122 1 1
a 122 147 1 1
a 147 122 1 1
a 147 148 1 1
a 148 147 1 1
a 147 146 1 1
a 146 147 1 1
a 147 172 1 1
a 172 147 1 1
a 147 122 1 1
a 122 147 1 1
a 172 173 1 1
a 173 172 1 1
a 172 171 1 1
a 171 172 1 1
a 172 197 1 1
a 197 172 1 1
a 172 147 1 1
a 147 172 1 1
a 197 198 1 1
a 198 197 1 1
a 197 196 1 1
a 196 197 1 1
a 197 222 1 1
a 222 197 1 1
a 197 172 1 1
a 172 197 1 1
a 222 223 1 1
a 223 222 1 1
a 222 221 1 1
a 221 222 1 1
a 222 247 1 1
a 247 222 1 1
a 222 197 1 1
a 197 222 1 1
a 247 248 1 1
a 248 247 1 1
a 247 246 1 1
a 246 247 1 1
a 247 272 1 1
a 272 247 1 1
a 247 222 1 1
a 222 247 1 1
a 272 273 1 1
a 273 272 1 1
a 272 271 1 1
a 271 272 1 1
a 272 297 1 1
a 297 272 1 1
a 272 247 1 1
a 247 272 1 1
a 297 298 1 1
a 298 297 1 1
a 297 296 1 1
a 296 297 1 1
a 297 322 1 1
a 322 297 1 1
a 297 272 1 1
a 272 297 1 1
a 322 323 1 1
a 323 322 1 1
a 322 321 1 1
a 321 322 1 1
a 322 297 1 1
a 297 322 1 1
a 48 73 1 1
a 73 48 1 1
a 73 98 1 1
a 98 73 1 1
a 73 48 1 1
a 48 73 1 1
a 98 123 1 1
a 123 98 1 1
a 98 73 1 1
a 73 98 1 1
a 123 122 1 1
a 122 123 1 1
a 123 148 1 1
a 148 123 1 1
a 123 98 1 1
a 98 123 1 1
a 148 147 1 1
a 147 148 1 1
a 148 173 1 1
a 173 148 1 1
a 148 123 1 1
a 123 148 1 1
a 173 172 1 1
a 172 173 1 1
a 173 198 1 1
a 198 173 1 1
a 173 148 1 1
a 148 173 1 1
a 198 197 1 1
a 197 198 1 1
a 198 223 1 1
a 223 198 1 1
a 198 173 1 1
a 173 198 1 1
a 223 222 1 1
a 222 223 1 1
a 223 248 1 1
a 248 223 1 1
a 223 198 1 1
a 198 223 1 1
a 248 247 1 1
a 247 248 1 1
a 248 273 1 1
a 273 248 1 1
a 248 223 1 1
a 223 248 1 1
a 273 272 1 1
a 272 273 1 1
a 273 298 1 1
a 298 273 1 1
a 273 248 1 1
a 248 273 1 1
a 298 297 1 1
a 297 298 1 1
a 298 323 1 1
a 323 298 1 1
a 298 273 1 1
a 273 298 1 1
a 323 322 1 1
a 322 323 1 1
a 323 298 1 1
a 298 323 1 1
